0.516398627702446
0.57066758686814
0.0284742264780969
0.171521656225103
0.685276981697313
0.833896862636077
0.306966219672238
0.893613079683397
0.721543861768305
0.189938954204797
0.554227591124787
0.352131954026614
0.181892402660079
0.785601761864359
0.965483222411969
0.232353661814761
0.0835614336633437
0.603548422291219
0.728992757287618
0.276238828497263
0.685306328780178
0.517867474197047
0.0484845374264006
0.137869237562106
0.186967426137921
0.994317901154097
0.520665396684967
0.578789535475417
0.734819058269382
0.541961772229594
0.913153557675769
0.807920150987917
0.402997830693787
0.357224342820788
0.952876714710873
0.34363157789256
0.865099816318328
0.830277712198797
0.538161449247557
0.922469372567224
0.0971464797650156
0.102847493160749
0.701507295695826
0.890479869128431
0.159560300898204
0.275572544896954
0.672491529656806
0.16430312402017
0.701371136609086
0.487635222205728
0.680677768176359
0.521548192325859
0.0433966944340843
0.223936603501978
0.575205086868013
0.120433660127292
0.500116713800793
0.138009568258896
0.0528084010892662
0.178276922536152
0.442368131512745
0.877587324627635
0.949264128985194
0.478167416789569
0.461119342286435
0.637289031017357
0.324607996437537
0.117578093027994
0.0511009963957746
0.637658652817825
0.812265894911164
0.670260420333636
0.651767703476369
0.424568943561784
0.656595336199526
0.209161498860925
0.659924518867167
0.529623398753014
0.748520369850492
0.093756855869258
0.784521849975655
0.687242037576689
0.695078496508101
0.496866519596742
0.975361127034138
0.203527620601521
0.299020409652812
0.227655892794193
0.0481688854420138
0.903971357452612
0.0801035386741328
0.607216271786098
0.630846703631513
0.377941931896403
0.0132410110863965
0.842219411850926
0.384937746062444
0.551665845076354
0.710538140063551
0.675278850719029
0.694564664772445
0.342456767862001
0.412390563672361
0.239790965540075
0.968835976191375
0.288557007614882
0.147311612694051
0.129340439853258
0.944056050461187
0.351434264513223
0.733567613168027
0.913889526765042
0.700987494214087
0.38853127204776
0.942259288857491
0.736491331267858
0.238464387994464
0.823773728270193
0.760613445182273
0.394709074037206
0.200187917298825
0.712596473262815
0.845308896965546
0.368646541063464
0.436980119008237
0.356597664269296
0.239737406836991
0.653378141252131
0.390439200782104
0.657783017897173
0.36227335505219
0.356502013909353
0.195251600477253
0.987312750531394
0.0233054923986211
0.548080445856231
0.560907894397246
0.0747546876574121
0.892271008977261
0.110622911538568
0.62577345103282
0.100849618516748
0.710852789153617
0.881329505126655
0.695289963049632
0.26617269901391
0.909963799871028
0.579618362468087
0.359686894950047
0.852634237730541
0.246179212602744
0.780444105490769
0.0455096611583109
0.88504118854561
0.276421220739291
0.580924401204335
0.910662262682535
0.992591046458928
0.0622240396419391
0.928481437599725
0.517160606204941
0.945382085901835
0.546931084314407
0.264161629848887
0.647213480801705
0.462985396443422
0.631007152066804
0.511236299577967
0.222380885830471
0.734495388816682
0.799661366203226
0.876621658742973
0.302623801782981
0.609271665067733
0.0850010835838766
0.319177826050589
0.815499217078116
0.872406420883838
0.890707552140694
0.689909902283671
0.915960544626261
0.407195272464647
0.162610288189579
0.184091103651039
0.223771210305437
0.00118866119944971
0.226781688891491
0.930979416713899
0.738518552701797
0.917477200916998
0.60349796107611
0.454419541180649
0.313478894321776
0.380981867659496
0.642812011943068
0.806532509239558
0.13052772590933
0.730565126853464
0.00543811517104698
0.650661323337201
0.453048562370461
0.200645222513256
0.631128977392183
0.0177912584870389
0.83855066585726
0.525546014150044
0.370937906469816
0.425749525875515
0.265095349375362
0.446407617749102
0.982653236058358
0.752054190093361
0.520926194146633
0.462382565620486
0.0674567026162286
0.622839782029914
0.719619445745235
0.450735946177755
0.684777378117362
0.73257143121037
0.149804787740392
0.60899550987535
0.862653883884966
0.0116206397663762
0.799914635390633
0.953490347606217
0.105180231922428
0.447648645714804
0.437773583553146
0.620695990348286
0.369172059565855
0.395326182038128
0.308571358843089
0.592082247944365
0.184794659981545
0.967444822201362
0.879503694369819
0.119519956994773
0.6900875375091
0.904003826388699
0.604129037063064
0.491407763359779
0.793152266067715
0.177024822090778
0.342029574456459
0.255531468973351
0.232678495618552
0.761116921247525
0.943450383884755
0.477820255981721
0.0308436654625113
0.592119504059625
0.336773202568311
0.504141144003538
0.0237460072673766
0.311636371404597
0.857556493614402
0.405956796210422
0.575889026179152
0.691157062058643
0.863850740438975
0.833513444551916
0.768023158140363
0.286670295595338
0.305824430914843
0.825903961172359
0.570742116414365
0.248130321190029
0.0125462316738988
0.332891259766899
0.392886817410541
0.80130116211234
0.895561767418777
0.755226096483605
0.669031929804721
0.825269630947359
0.0626408694184293
0.780621300043709
0.067138329437286
0.132253594299465
0.727102534105968
0.251096116201286
0.547512493206269
0.0134279951391117
0.0719274209266682
0.137375012049145
0.341412030819262
0.576655576856213
0.207708497856222
0.923489111771114
0.257743785717217
0.694327741477312
0.759843195681335
0.997648995580835
0.787514845568125
0.361981010749823
0.333947765630531
0.743219061946256
0.322229054490609
0.379969675647346
0.693347235152267
0.39687846507971
0.119351364852613
0.571027187306942
0.182720267501544
0.468652982631756
0.93812814879167
0.443993640801673
0.632373876465267
0.285819352579928
0.60864696711129
0.685330236013983
0.820479206468999
0.312594612170109
0.280867542878435
0.297382965775388
0.447655890553875
0.589444007622485
0.884912457810308
0.998404330272678
0.373907256900445
0.100627488270814
0.821651835934066
0.522072390692278
0.732292433385744
0.635668469672027
0.650135672958521
0.893928251859116
0.532300680675405
0.195246536698449
0.122970899100074
0.974626309027586
0.229879474056135
0.226369721948337
0.662788674973631
0.477787275090569
0.713425341957069
0.707663274727317
0.499877432637146
0.126691994545113
0.886633684088061
0.209648132184294
0.430610385590889
0.912267917385455
0.939000573205711
0.578569266583643
0.863773893667629
0.683537341972686
0.47956279203999
0.44323145625124
0.119945026039856
0.441757116283544
0.434099807996059
0.472091612624192
0.303878420698162
0.889408201924086
0.0096083348797551
0.0950755870140154
0.669776944739833
0.408123639010932
0.845397181308207
0.31175717034242
0.856073504296191
0.0337378357204504
0.992224310291586
0.966072111642433
0.971211531505778
0.0440488679010057
0.920276227493894
0.656306256307806
0.48598462844149
0.327374122567142
0.91528326670338
0.0874567217177467
0.854623719304137
0.269466230352724
0.519318769377057
0.535309560831209
0.870386202279467
0.0305238154812999
0.895435585770834
0.0998178238078371
0.864802705879455
0.912152796208969
0.770550929220258
0.0351812284665872
0.356126954906316
0.625567799150739
0.136199256201305
0.824055448162114
0.00104405755024095
0.695394112596785
0.564935472469821
0.213143864461386
0.617474188407774
0.858824896311556
0.712005211165948
0.644652513134833
0.6821200732836
0.464807475251144
0.39704214113813
0.102317328488407
0.0270488128923723
0.444853314033419
0.623974663633637
0.324169826124768
0.551905295223557
0.691702446327823
0.0399973950078365
0.643037422228337
0.842524130229548
0.768715075659513
0.0665193619032811
0.369285325644272
0.498773927013973
0.401971675927917
0.184040987070175
0.89642786750852
0.937088268015749
0.0949030521687559
0.231057175851977
0.000441994849800675
0.513180543880774
0.804203184003117
0.390479053182514
0.294273119509669
0.428404607475383
0.444658140523805
0.952941510847888
0.0162771104373169
0.257061370309877
0.00500265247499265
0.532258223016758
0.778800445809315
0.838718067943554
0.915557642892172
0.362690737605537
0.528839592134018
0.824216576520894
0.752651472857716
0.335359401662567
0.696771988146868
0.883341842986522
0.060231272640883
0.655754520827674
0.343685664418359
0.315371714657616
0.900184285268685
0.340431043116197
0.974590122707005
0.683882313532184
0.579043231121964
0.990305422737386
0.231493797502147
0.0677571261498559
0.044231750828256
0.893900640789982
0.728230652255014
0.716838305899428
0.77318184179114
0.757198463138183
0.0751904293976678
0.423498540445825
0.390335977758273
0.480777224591006
0.58163071416988
0.0432152693197292
0.93941508676142
0.594000681945786
0.380590972973236
0.99520780608945
0.294175915193702
0.24382346760718
0.980561991330926
0.41470412071809
0.61688006635189
0.0118111616778157
0.574468021780492
0.116020712155436
0.359338010200925
0.29779648688473
0.159749403325996
0.350432465166443
0.933990788269818
0.773231021153557
0.907194121927365
0.0735047632138154
0.372007709183228
0.339602143264625
0.131661522261671
0.869707164629369
0.0380319618185199
0.200828688645847
0.496665208931942
0.955071864194177
0.017137193016846
0.762859656098488
0.289430697935328
0.562414538183446
0.0830546875234918
0.633772136135069
0.348580520389079
0.558208928109285
0.805958308867057
0.955326435465187
0.62318611700015
0.0691328525053485
0.417658835477674
0.265883494971144
0.778219841382788
0.803295316491696
0.599428335620549
0.457992359980292
0.154437432829592
0.343675651613971
0.500980025533389
0.567407357730353
0.0351666113961352
0.657120572126822
0.297272655718593
0.595610676453836
0.607810362357253
0.477120181742726
0.663480232137335
0.593644823374719
0.827505438360132
0.333812308683891
0.283098689023636
0.287698689795543
0.45215633404079
0.905429960378363
0.207701478512045
0.970276987123306
0.144154991183941
0.506373112826666
0.560359677074628
0.106420466419051
0.139971516828867
0.606915381837188
0.765214219964224
0.257664301253573
0.0498543381052284
0.213241845831008
0.296949001333796
0.274018101129096
0.113348990860957
0.862006433040592
0.0070468707764505
0.676012212480131
0.664101935860328
0.247019115212923
0.09935867670009
0.402556872758616
0.088896209427161
0.0150732793656441
0.964109710377527
0.0177417520319587
0.0160763960539834
0.0936414272071342
0.703221990493505
0.860458610131812
0.866633862520358
0.0614636216841479
0.597526304524995
0.5523927541731
0.80816088069713
0.75764114960984
0.396521391882975
0.482798495330284
0.26968597726591
0.616446576086224
0.645353474808465
0.480661244722765
0.924491593985988
0.693721377946026
0.770803921135398
0.306206240862871
0.70778756511853
0.254374960965994
0.979485658829023
0.314846493596192
0.728294762804342
0.0103794630885001
0.188929765641649
0.0359214548146191
0.299233475614925
0.250732350158416
0.0558139589403223
0.497733765902033
0.170393424639289
0.898761536327668
0.840225657805735
0.828351974490269
0.48168132356257
0.901927918709537
0.235023384983346
0.297389510537928
0.333887761277444
0.876360888758494
0.265830744452125
0.4744989577793
0.562752144895035
0.466935232780415
0.710133008397531
0.375801420579005
0.61955235730886
0.753362742527992
0.917263275900765
0.257214895477612
0.102149863514679
0.997867781890083
0.496317798498222
0.976826024554717
0.940618531730482
0.425547854376546
0.387806624301285
0.443742665474362
0.482001426691809
0.62754876326304
0.262979150520399
0.98609220437864
0.0414733192792092
0.127486875615625
0.622884416836613
0.872854976593708
0.992612943347308
0.496462216537883
0.900641256689528
0.700253344159955
0.19776042230809
0.924879800418128
0.0906826592313672
0.420394677205994
0.79887446309556
0.657400702459649
0.896950747244926
0.183192218076461
0.581849669399022
0.35615593138885
0.323955495336505
0.395869166233238
0.976052423885103
0.822445286023571
0.453020078464575
0.412278385300599
0.571152312437957
0.468366514722964
0.3542950973224
0.848902099914294
0.764474545567332
0.344342536298934
0.480272554956622
0.437410563711705
0.66970162988781
0.52819895858965
0.983345599182648
0.840854649263897
0.398887172223127
0.346962653172156
0.64148364578853
0.479123198279864
0.418463706489591
0.799564649782271
0.870029792124607
0.83464079317661
0.605837489316804
0.355036894356853
0.83609511954257
0.371786296729963
0.267414585751921
0.341910919240265
0.764214987972484
0.971662198936788
0.0950792613253904
0.664191311290438
0.776372504606693
0.49923612760466
0.653034907747302
0.530071893615939
0.465216181862376
0.0192659724943817
0.629669851059713
0.43184573192996
0.780810976568446
0.386368744187218
0.15477720417403
0.252231892881436
0.866151940745281
0.419371910183909
0.651186499172974
0.268676052503881
0.368915787091318
0.562751378238988
0.569361798464348
0.113611281530762
0.0837611027724694
0.120632625635487
0.37094084597418
0.583119905557041
0.39754544736534
0.792691571471241
0.784433460061968
0.818334159343208
0.400533337673919
0.15188430379069
0.5071274299234
0.609893911774334
0.117357510390249
0.603351333149811
0.229817526581658
0.331012752651713
0.165552824511521
0.263061808611659
0.115723206419526
0.222461832098959
0.607877173874415
0.255424353546729
0.381228525881764
0.181549491034072
0.335359114013498
0.954878483963034
0.633413951854885
0.454549058343853
0.678722364211742
0.38576339788518
0.772411178389964
0.769394670359202
0.20091110264993
0.710075498058502
0.695332140989407
0.626798026183457
0.948333098361851
0.442324917447616
0.707090042841594
0.27649344960953
0.201385936960559
0.365102796933382
0.24391997074416
0.402647108459731
0.59458598551445
0.416387445120944
0.593626855705741
0.447615121923912
0.520300966999738
0.423309870986775
0.691013375674218
0.295241859515186
0.950149705520471
0.759812829842212
0.441135513157858
0.478703400821032
0.874408210360103
0.838031587846755
0.667700947334902
0.10937269328294
0.995558939740247
0.882199599930403
0.364091898368354
0.330740533111642
0.799968677357795
0.0580343928796915
0.976777618416937
0.724553305771308
0.0233306682626222
0.597278870953093
0.167097123129784
0.96139016173292
0.875577734679267
0.669538068470952
0.148579488846614
0.233130826433286
0.0419023575905563
0.86533489464493
0.399015723394701
0.621063113595989
0.55239151195745
0.13627576279146
0.047151230105025
0.622114580063955
0.787294029862191
0.199092840822992
0.319255498255426
0.77770637568325
0.611633159204938
0.441524411493823
0.903116879604137
0.796868363106649
0.358181899332562
0.281331542558595
0.53188102293788
0.434964773610309
0.545352664581753
0.153871801505608
0.044633100938407
0.888969859145187
0.957148994110009
0.309359247946686
0.134676147505822
0.21894826846124
0.816746950844393
0.7460970877869
0.05642022315456
0.480338800929749
0.0570877967240006
0.0341305056878075
0.825713908610497
0.110501111126803
0.0447013529844343
0.40286372036177
0.835340050244296
0.871009526040454
0.163769258385746
0.5202920572583
0.658037213315931
0.207541391382436
0.159377375132116
0.783226857496804
0.21740808938051
0.261609343533203
0.0760053016125306
0.685936526495661
0.435307015376756
0.46605784051263
0.308068817058102
0.867581781366246
0.123812905351974
0.798660248918852
0.86170090060805
0.932237000357849
0.523606939956315
0.198712314025567
0.882758865234931
0.61493698032485
0.147496430673271
0.383458436734949
0.437092713765529
0.397130141391782
0.874887901462314
0.325941903740991
0.0673182864954849
0.968070253439962
0.0222938077010622
0.0547622762388553
0.30787165332377
0.612545497049755
0.999946585786763
0.888443179835552
0.203852984346795
0.950167105826125
0.389174739140128
0.530140494263934
0.57552424829526
0.605401807266594
0.958081944583752
0.868937842189974
0.676223492296373
0.809482224927568
0.61953149698289
0.316508739256798
0.00856370349171964
0.437749071411327
0.861303056015837
0.086960100388522
0.10449479419704
0.826846485538303
0.198647499084745
0.000968472805527476
0.343840379938741
0.401375263921544
0.654776543914408
0.450168463398549
0.971460264130741
0.0910181428259385
0.227394301332993
0.614028755911476
0.665398935722678
0.0562878954652938
0.642073214794597
0.641705318909772
0.862265383430214
0.70843395678241
0.958355990224351
0.183155474123963
0.168425561227809
0.255762101396919
0.539817466375999
0.0678661870673033
0.273409015324709
0.818832661335252
0.245092412905957
0.628769340839439
0.0929013589147293
0.170262970491759
0.174140701829228
0.902862796435232
0.0192082691579634
0.559687332944138
0.489807836109512
0.0835731331460501
0.551556295804143
0.130464601140732
0.0163908861179016
0.39728010445161
0.388403984118674
0.337623869400788
0.168049802790121
0.693252571433232
0.962010874135535
0.868599010204731
0.42984816488522
0.780778122965951
0.141400048630337
0.955313841841165
0.477124244526262
0.528766330969648
0.967937629683275
0.68913434570254
0.490208702026894
0.142153808616763
0.533859910899177
0.0508068686775014
0.892718520099502
0.747910175523414
0.0245792217861619
0.284851999119729
0.425106083825558
0.975449237685076
0.0224736915493863
0.260142780776629
0.394121811079528
0.819741933419027
0.990940144404976
0.599335255067578
0.545460313749822
0.101559181689201
0.644204520294649
0.250660921692919
0.354654976618329
0.446090541202182
0.202388199394894
0.364425228151531
0.844929924078774
0.107473446041138
0.931615729249373
0.131150888130045
0.950326660608132
0.556744169625032
0.452373010776401
0.00633243164197328
0.269771938792154
0.556425509379469
0.324220620154315
0.573896128225728
0.617825807502106
0.35072911176688
0.559755021828784
0.255305180897111
0.780432016559413
0.203992818832574
0.495916995562823
0.335306710113843
0.297499741001486
0.430693253117245
0.64677614809757
0.437195059713115
0.463962429583355
0.567795886402578
0.682303775063833
0.398873028989671
0.47763713349481
0.311001597107699
0.242915345576308
0.791526696090443
0.956770835159659
0.442569914018428
0.632114557402481
0.300902698377188
0.576120137081286
0.00329386432426748
0.567884129066673
0.957321523940528
0.138082750190281
0.852281005577296
0.377892231553519
0.25007981776704
0.390660538495298
0.0362298096190885
0.207360086127521
0.744063379806899
0.81288556185199
0.843874713701606
0.591312888824021
0.785419117104085
0.144047107131167
0.418256688405584
0.151423896801551
0.347097553640435
0.504778579547121
0.806580633381034
0.238421229176633
