1.24396241330765
-1.6730581497809
0.963626491867003
1.8120277143452
0.667758346812865
-3.8724471375802
4.35520192664291
2.74752431979932
1.15954301325633
-1.76885585154224
-0.748426866158975
-4.04480278958728
2.18432566372682
-2.39357872873545
-4.98532843333245
-2.82479785840859
0.401163853013425
2.1359035253493
4.36978651518381
-5.00914829057444
-2.04445332008091
6.41312255391024
6.66165979302392
3.46779514735284
3.18243098747603
0.573498583418127
-2.44814121671468
0.629360684982703
2.12059751572056
-1.90904968662631
-1.08310316090526
-5.16445426685182
-2.1605154956249
-1.75088971260695
1.23303966577768
3.67200902816571
0.671362472147279
1.92909676519374
1.0030897448458
1.61375435659865
-4.34686382446667
-3.11342361595758
7.2262027891247
3.72654131338188
2.86249557310482
-2.21385618487741
3.11691839178676
-4.84694012378051
1.86083826571479
-1.80050288637946
-1.47990897550566
3.34919258655282
-8.13324297193024
7.15659190851379
0.723994753141081
2.66765325317719
1.01048339494103
-3.23769006782686
0.683299761048228
-2.60513863024828
3.22650533620521
-0.366375392391926
0.944793816887063
-1.92501203518067
2.88367172850475
3.76952643260967
3.01039359154062
-3.96818405179805
-1.81504163815434
1.02202562719814
1.45961525388861
1.25134119009926
5.35200754767378
-2.18921221489984
-3.18330922962312
-0.122017854920933
-4.76926218404381
-3.48484202681531
3.12405813734949
3.03699819990622
3.21375138296066
0.0406191609845674
1.63716890233469
-0.160042244080998
-3.23290923199747
1.12127151034929
3.32985093790194
-0.669220633405574
1.31825734715494
-2.9581373713877
2.18344135875958
-0.030685781729579
0.987333185141344
-1.31086358192047
-3.04696039922154
3.61407420578849
-1.02634028264338
3.28373633699905
-2.48462252055105
-5.16385191203364
-4.76734739829384
3.49336606253233
-1.61243302980883
-4.53898259346627
-0.764083904173946
1.75143712996334
3.16418407792595
-1.46902487308537
2.30541684891979
-5.15339171148355
-0.81486549218895
-0.026240777305397
-1.51584411366866
-4.93734528482361
3.28096373207861
0.71909531510605
-1.69282727400385
0.233546367365811
7.38903023418789
-0.571740794346806
2.38862975739803
1.85780025784778
-5.16863597899034
2.3345935233657
-0.604270861367986
-3.82101141634754
3.97501719931079
-1.22933875835197
2.99910157789544
3.59035027346176
5.02935273373258
-1.14851329438484
-4.41587702689382
-8.12077414373782
2.5897717816
-2.86919732622367
0.535340875563832
-0.887250831112475
1.13294893460858
2.19707196678734
-0.232099148647025
1.11050664165035
-1.46830416609496
3.3791432942544
-5.44642978521967
2.20585300371277
0.0485528586228046
2.60698323104332
-3.22070438673233
2.03641714216578
6.96182154005138
-1.40018727491161
-3.34729828841644
-4.52627974071379
-2.04112139398325
1.75760098964143
2.91730246335502
2.92988408797336
3.48577261716457
1.05641852517794
-3.20932254541496
-1.17407886453277
-4.13100379469158
2.29733360470267
-2.83520944170025
0.0901566646061416
-1.31622662690231
-2.69175251028762
3.95774198974044
-3.6744476285882
0.200870773757694
-3.19339020781202
-3.37366723364578
0.687778669935307
2.49591168441734
3.04765193064732
-2.4969498356419
-2.02274740583793
-0.526815929529813
-0.75133498761742
-3.23574886656741
4.31225357857297
0.903825114673006
2.89012477762168
-3.27506176978371
-1.83243978454744
0.351075340396375
-3.00831616358921
1.81222523400038
2.63702389232276
1.90824353831304
0.604125578854194
-2.87842434351865
4.63835498484847
-3.0219546247251
4.57431836280537
2.53798521654011
1.03188656411758
-0.0194416351111886
-2.58706162188126
-1.22374938906695
-3.67644204021717
1.54495133862701
-2.75308126571229
5.53210743482877
4.60144623268435
-3.02411298958685
2.55077630597141
3.04223283384546
-4.31785807212757
-5.29750670355985
0.202661028839427
0.672647326003153
-1.03845010980161
2.54040690889057
3.60595828282618
-1.88879033653166
2.01463571673844
4.32938307057307
-0.209100059111321
-1.31702227527384
-1.75356290106136
2.54794398714479
-1.86533534626143
2.87551248672522
1.2896888740472
3.15381253344889
1.54026348785761
-3.58993603153701
3.2808208701528
-7.11357394241374
6.65191955684041
1.92353723994163
-1.99987948877103
-3.94748542843405
-2.09495627036723
3.06316802104432
-0.232345185115785
-2.06684664248389
-3.38793471783768
-3.53879977503209
-2.35866564791794
-0.258852830508763
3.54299013934216
1.05442058536837
-3.52906298512226
-3.51021245768551
-0.417457764683199
-5.73004217569605
-2.15240592951943
-5.00975563904603
0.729920750815124
1.49647780269833
-2.57657830418454
4.62033748205877
-2.96675138381267
0.158132451964472
2.19519845848636
2.58650214821701
0.0699885103471566
-1.50157875874109
-2.78872592221701
-1.65789517818552
-2.1986881442111
-2.25272476256015
-1.88301320498411
-0.0402392092771039
-0.0148170501463099
4.36543104251006
-0.388243702263207
1.44212835124501
0.883597554162945
-0.167492711494806
-0.124542387502862
-2.32563999768179
2.1669694461343
0.840267770647882
0.257358936408622
-6.64057234178137
-10.5862152093509
5.62260311607367
2.70155908980386
-2.3030045236898
0.993406915093117
4.70685914747863
-5.11670278459356
1.60751667666804
-1.75462943846163
2.73408717719319
5.51800611902753
0.254894127110398
-1.40702277206241
-3.26722841002333
3.24153306116339
-0.587401005144434
1.43448883163968
2.28583541377292
-1.41450886606041
2.26355731040042
3.54975884610783
-2.51206306165433
5.41563376036691
-0.151913795404394
-0.473374603181154
0.207590646829718
-0.928728398928532
4.69678206580963
-1.50411464852661
1.02949628902158
0.957530240501531
3.37364735583406
-1.6368876112736
0.552203707991838
5.18038182520301
3.00116327365088
0.202470322814816
-2.18715080763638
2.15789305169213
3.61845658312109
-1.10252011173934
1.41768662172058
2.66197849998018
-4.44817740046812
-0.884005939431609
-2.13789352205732
3.76388018638038
1.00488350433317
3.29692036588207
-1.47635253974576
-3.4792902055203
-1.42054215330729
4.09376953825908
0.424191162809284
2.99861382423006
-2.78243997782946
-5.72120473910615
-3.73119580945604
-3.81930673875117
2.90821585832474
4.23116868513679
-0.806168482551847
1.48587477292473
0.467539441481202
0.575247696558218
0.882535449722339
-1.77400030042158
-2.44863177465503
-1.90206771906985
-1.72047454233252
-1.13613030536335
-4.18096978777046
2.05566862116797
5.0938363634013
0.741331371571247
1.73508708989145
-1.79723182006374
1.08539054217172
-1.08069083708227
-0.101011964543943
-2.06016961355273
-3.81491688051776
1.14287054870821
5.57402192261126
1.18244768253321
2.42552464614488
-1.28937680717731
-1.54455192153444
0.511995803720519
-0.88437638139654
1.02354781558858
-4.31802698027052
-0.087132154414554
4.38882026541805
-0.371408809101937
3.48617024652636
3.8055631515779
1.58206248159407
-2.52602984852803
1.82819945070777
-0.0377912997547034
2.79040794829726
-6.61767718813677
0.559082265673497
-1.73274151125161
-1.46700245041069
-0.0847595303074358
0.53111347496532
-6.29480481139674
-2.4736501945413
1.03681333906042
-2.42609007640696
-0.105519297143644
1.73014797595052
4.56892762898602
5.92644531336379
1.74623150612842
1.48786667636943
-2.38800353058796
1.39311032999263
1.06439769657943
-0.663138578868989
1.63721009776841
-0.197745460223085
-2.2365888839615
-4.34633878520216
0.283355343905079
-3.38700873374124
1.28023132026765
6.27412567545033
1.38698767477293
4.11474002389354
3.81382701773042
-2.50743442374731
-6.64415490612418
-1.55539688695184
-2.23510571815971
1.9040899612599
-3.93914024640683
-3.52489927129024
-2.67838920146421
0.593483290854289
-0.316956096984149
-2.53581553446252
0.808293059388227
-0.000370887111986296
0.373975274588198
1.16762870641981
-1.15610454266032
-5.17303928630789
3.80340195838953
1.12738188176577
-1.1791898082643
0.050760136411741
1.86826499603954
-2.52917196615092
-0.529493451601449
-3.46884091133606
-1.90574951310172
-2.27881997425317
2.1290754240675
3.57302964832368
3.40768056575185
1.99654918955689
-3.77354706810275
-2.93620997546132
-2.57325727155027
-6.02076612113086
-3.78168015472009
1.12926816089654
0.742503568477786
1.61351653784492
-3.51833580974165
0.92694273128896
3.32047373635105
-0.460340785638156
-0.803761667919663
4.59291119041644
0.195314117237515
1.25638839870077
1.83262274704293
2.43281575920589
-1.65412678338459
-0.464501767738246
6.69186628939009
4.83931167177369
-1.23200369916247
2.77282320261131
3.31171812539714
-0.141338267615251
2.72170864271089
2.7556424448884
-0.478116066209017
-4.67573748416482
5.15904223996983
0.188625550857058
-2.60762557966474
2.21265615692692
-1.20270525420837
0.355069496970054
0.908930072336404
0.636031842803601
3.24410525087799
-2.05481690028863
-2.18090047701015
3.78838460019217
-2.16237208263084
-3.07321967188666
-2.06910677379921
2.90787518478471
-0.889303934387496
-2.2245595992996
4.06169793827651
3.00209654202597
-3.16960184373463
-4.72843256693999
-0.635770909557248
-1.83261338189794
-2.2901236536307
-0.590588041903414
-0.500611130496597
